alsa_card.pci-0000:00:03.0:output:hdmi-output-0 mute:0 volumes:2,1.000000,1.000000
alsa_card.pci-0000:00:1b.0:input:analog-input-internal-mic mute:0 volumes:2,0.102921,0.102921
alsa_card.pci-0000:00:1b.0:output:analog-output-headphones mute:0 volumes:2,0.613052,0.613052
alsa_card.pci-0000:00:1b.0:output:analog-output-speaker mute:0 volumes:2,0.298523,0.298523
