start=1349.870000
fullscreen=yes
sub-delay=0.100000
