start=6634.795000
volume=130.000000
sid=1
sub-delay=1.300000
