start=1710.375000
volume=102.000000
fullscreen=yes
