start=8422.414000
volume=102.000000
sid=2
sub-delay=7.199996
