start=1649.356000
sub-delay=-0.100000
