start=2757.629875
pause=yes
sub-delay=5.099998
