start=7.549208
volume=73.000000
