start=7693.656389
pause=yes
volume=130.000000
sid=1
